new_selected_model_1_overlay_overall :
[0.33305753422536405, 0.3836496491677465, 0.41900895688510115, 0.44686081136808653, 0.4684421324901328, 0.48554648758131475, 0.5003218556619504, 0.5133705394845, 0.5255546298067492, 0.5357096817222591, 0.5450806203098615, 0.5536819075782532, 0.5611318357684607, 0.5686279555397619]
new_selected_model_1_overlay_pred_classes :
[array([0.32362282, 0.35365473, 0.27116694]), array([0.37365936, 0.40509895, 0.32071141]), array([0.41069643, 0.43877067, 0.35285963]), array([0.4393448 , 0.46585134, 0.37897114]), array([0.46092005, 0.48725514, 0.4018858 ]), array([0.47684687, 0.50543562, 0.4220234 ]), array([0.49173374, 0.52035949, 0.43470926]), array([0.5035955 , 0.53561931, 0.4427075 ]), array([0.51567037, 0.54870641, 0.44939169]), array([0.52579464, 0.55883202, 0.4600404 ]), array([0.53499049, 0.56816912, 0.47125773]), array([0.54370572, 0.57648746, 0.48085261]), array([0.55165222, 0.58330958, 0.48827576]), array([0.56000977, 0.58964944, 0.49620905])]
new_selected_model_1_overlay_real_classes :
[array([0.32542901, 0.35433174, 0.27420115]), array([0.37654275, 0.40394657, 0.32598203]), array([0.41316454, 0.43824358, 0.35647839]), array([0.44153293, 0.46603144, 0.38013904]), array([0.46271354, 0.48842343, 0.40045128]), array([0.47840011, 0.50654676, 0.42405032]), array([0.4930583 , 0.52184275, 0.43677018]), array([0.50468386, 0.53783148, 0.44494965]), array([0.51708921, 0.55028695, 0.45356356]), array([0.52673088, 0.56100229, 0.46493393]), array([0.53634486, 0.5698895 , 0.47502731]), array([0.54492184, 0.57846554, 0.48399374]), array([0.55289333, 0.58517894, 0.49120284]), array([0.5608643 , 0.59153523, 0.50126708])]

new_selected_model_2_overlay_overall :
[0.34409557315597084, 0.39485509586663853, 0.43075828351339573, 0.4576436498327806, 0.47902820945219865, 0.4964686626673667, 0.5113733537031157, 0.5253254387453274, 0.5367287233505681, 0.5468684176916254, 0.5562070570517398, 0.5651154758713274, 0.5727739631089103, 0.579555160638456]
new_selected_model_2_overlay_pred_classes :
[array([0.34377418, 0.35408427, 0.27087698]), array([0.39433455, 0.40476214, 0.32437093]), array([0.43156935, 0.43851769, 0.36265245]), array([0.45931078, 0.46435297, 0.3885311 ]), array([0.48059091, 0.48557896, 0.41223744]), array([0.49733519, 0.5035929 , 0.43264803]), array([0.51251202, 0.51845365, 0.44500915]), array([0.52525932, 0.5344185 , 0.4562749 ]), array([0.53682352, 0.54579388, 0.46618889]), array([0.54646726, 0.55637935, 0.47815905]), array([0.55643379, 0.56503958, 0.48605511]), array([0.56502001, 0.5742265 , 0.49623777]), array([0.57347739, 0.58058558, 0.50540718]), array([0.58030444, 0.58718492, 0.51309793])]
new_selected_model_2_overlay_real_classes :
[array([0.34077083, 0.3566775 , 0.29878287]), array([0.39207821, 0.40555171, 0.35589263]), array([0.42939506, 0.43950077, 0.39089248]), array([0.45709459, 0.46520189, 0.41760689]), array([0.47852196, 0.4864636 , 0.43934226]), array([0.49513786, 0.50449336, 0.46057956]), array([0.51008888, 0.51934813, 0.47537072]), array([0.52312352, 0.53499634, 0.48736725]), array([0.53471169, 0.54647191, 0.49670494]), array([0.54405516, 0.55737244, 0.50937182]), array([0.55389132, 0.56612965, 0.5177611 ]), array([0.56230934, 0.57561161, 0.5276027 ]), array([0.57076334, 0.58203929, 0.53553199]), array([0.57777364, 0.58831025, 0.54331643])]

new_selected_model_3_overlay_overall :
[0.35694312397916284, 0.4071132860428718, 0.4414240819682241, 0.46689423382602085, 0.4875052106196209, 0.5042788604241862, 0.5187698793483017, 0.5319063642892915, 0.5434903198044371, 0.5536386267592056, 0.5624687559067566, 0.5706771478241018, 0.5784069508655063, 0.5853073532590906]
new_selected_model_3_overlay_pred_classes :
[array([0.34864696, 0.37897117, 0.26869501]), array([0.39649184, 0.43273933, 0.31778401]), array([0.43016614, 0.46797709, 0.35233058]), array([0.45435728, 0.49491632, 0.38188866]), array([0.47445046, 0.51639179, 0.40167792]), array([0.4900779 , 0.53447546, 0.42217488]), array([0.50343328, 0.55127665, 0.43106064]), array([0.51563962, 0.5661012 , 0.44148017]), array([0.52659772, 0.57897453, 0.44982604]), array([0.53612271, 0.59000888, 0.46040468]), array([0.54503719, 0.59885402, 0.46793783]), array([0.55332174, 0.60675821, 0.47789276]), array([0.56135397, 0.613415  , 0.49131867]), array([0.56829448, 0.62023002, 0.49845186])]
new_selected_model_3_overlay_real_classes :
[array([0.34555553, 0.38408758, 0.29648522]), array([0.39478544, 0.43557225, 0.34716847]), array([0.42877706, 0.47091152, 0.37819483]), array([0.45315823, 0.49756933, 0.40624781]), array([0.47353099, 0.51855762, 0.42672579]), array([0.48963922, 0.53552253, 0.44825231]), array([0.50329463, 0.55191497, 0.45884399]), array([0.51506129, 0.5676606 , 0.46860506]), array([0.52639339, 0.58005196, 0.47762203]), array([0.53616147, 0.59075737, 0.48782611]), array([0.54493247, 0.59943142, 0.49810669]), array([0.55293214, 0.60770551, 0.50777196]), array([0.56077812, 0.61464367, 0.51917598]), array([0.56759734, 0.62164878, 0.52617289])]



original_selected_model_1_overlay_overall :
[0.32607097051046435, 0.3754864948373792, 0.4098437594448471, 0.4365057205088952, 0.45751554539255496, 0.4743307381403424, 0.4886866149023909, 0.5027688660142471, 0.5148045552034275, 0.5250166180175927, 0.5344298397757944, 0.5429554995322375, 0.5507688730962931, 0.5581538628126442]
original_selected_model_1_overlay_pred_classes :
[array([0.32936587, 0.33073345, 0.24298491]), array([0.37896859, 0.38020934, 0.28932212]), array([0.41493622, 0.41192196, 0.32260156]), array([0.44130328, 0.43971598, 0.34426009]), array([0.46276711, 0.46003446, 0.36453041]), array([0.4797822 , 0.47652606, 0.3811741 ]), array([0.4945827 , 0.49064642, 0.39126065]), array([0.50797837, 0.50643316, 0.40117031]), array([0.51995973, 0.51904985, 0.4092938 ]), array([0.53021997, 0.52909367, 0.42018921]), array([0.54017657, 0.5375504 , 0.42975352]), array([0.5482737 , 0.54668807, 0.43930276]), array([0.55639194, 0.55357803, 0.45030615]), array([0.56398311, 0.56075648, 0.45649286])]
original_selected_model_1_overlay_real_classes :
[array([0.32770769, 0.33189762, 0.27697569]), array([0.37735107, 0.38107513, 0.32578854]), array([0.41415926, 0.41232871, 0.35689098]), array([0.44110146, 0.43911723, 0.38032108]), array([0.46268642, 0.45914137, 0.40209592]), array([0.47972529, 0.47564111, 0.41880536]), array([0.49462539, 0.48993844, 0.42869259]), array([0.50810826, 0.50547689, 0.43942959]), array([0.52019676, 0.51799798, 0.44811462]), array([0.53069219, 0.52760222, 0.45942935]), array([0.54104377, 0.53551811, 0.46943224]), array([0.54903258, 0.54469599, 0.47883481]), array([0.5572383 , 0.55166618, 0.48818443]), array([0.56509478, 0.5584991 , 0.49467605])]

original_selected_model_2_overlay_overall :
[0.33882434115812504, 0.38942151037961376, 0.4257434778012853, 0.45324120376501115, 0.4753076440432512, 0.49287355496621016, 0.5075330946349582, 0.5214543453495138, 0.5333262287638123, 0.5440558045567706, 0.5538207545706586, 0.5628331978502314, 0.5705963501857613, 0.577686340890243]
original_selected_model_2_overlay_pred_classes :
[array([0.30894189, 0.387858  , 0.27201511]), array([0.35711986, 0.44202809, 0.3205519 ]), array([0.39338132, 0.47904806, 0.35168526]), array([0.41968255, 0.5080562 , 0.38033049]), array([0.44138991, 0.53086279, 0.40032014]), array([0.45792834, 0.54942701, 0.42139288]), array([0.47122062, 0.56642378, 0.43220456]), array([0.48393582, 0.58243509, 0.44249198]), array([0.49542756, 0.59552389, 0.44850791]), array([0.5061973 , 0.60577749, 0.4627882 ]), array([0.51616524, 0.61544715, 0.47100003]), array([0.52493176, 0.62471576, 0.48070638]), array([0.53309844, 0.63159588, 0.49123608]), array([0.54080811, 0.63819145, 0.49530244])]
original_selected_model_2_overlay_real_classes :
[array([0.31046281, 0.38717666, 0.30261112]), array([0.35993175, 0.43982621, 0.35100198]), array([0.39642639, 0.47668575, 0.38260262]), array([0.42275357, 0.50610129, 0.40906788]), array([0.4442667 , 0.52932438, 0.42916052]), array([0.46096827, 0.54808537, 0.44727717]), array([0.47483732, 0.56421818, 0.46018132]), array([0.48770507, 0.58035728, 0.47025201]), array([0.49937692, 0.59319378, 0.4781644 ]), array([0.50983619, 0.60366129, 0.49284284]), array([0.52033242, 0.61257618, 0.50118526]), array([0.5289272 , 0.62210166, 0.51084661]), array([0.53732898, 0.62879249, 0.51932749]), array([0.54512728, 0.63495116, 0.52568098])]

original_selected_model_3_overlay_overall :
[0.328782681185961, 0.3783005284526041, 0.41384556103660736, 0.44015268471582103, 0.4610816054169807, 0.4782083799146436, 0.49369514880024246, 0.506967738911629, 0.5189966539757395, 0.5291350203628501, 0.5388354289975971, 0.5476818388663134, 0.5553230222187322, 0.5628862206591106]
original_selected_model_3_overlay_pred_classes :
[array([0.32017987, 0.3515341 , 0.26995718]), array([0.36782793, 0.40490668, 0.31362615]), array([0.40366259, 0.44104705, 0.34249011]), array([0.42912282, 0.46820507, 0.37184294]), array([0.44976934, 0.48909491, 0.3958415 ]), array([0.46580599, 0.50794651, 0.41288301]), array([0.48142434, 0.52384992, 0.42440452]), array([0.49328563, 0.53964303, 0.43573748]), array([0.5047483 , 0.55278685, 0.44632889]), array([0.51464496, 0.56290003, 0.45904188]), array([0.52459436, 0.57201691, 0.46996789]), array([0.53303428, 0.58067006, 0.48410431]), array([0.54085368, 0.58723632, 0.49680472]), array([0.5488798 , 0.59408711, 0.50427656])]
original_selected_model_3_overlay_real_classes :
[array([0.32122812, 0.34768324, 0.28337117]), array([0.36952807, 0.399094  , 0.33242354]), array([0.40650183, 0.43334053, 0.36303746]), array([0.43284003, 0.45918864, 0.39179611]), array([0.45401493, 0.47951687, 0.41411623]), array([0.46975066, 0.49800871, 0.43544526]), array([0.48578251, 0.51334302, 0.44701369]), array([0.49807594, 0.52866705, 0.45676628]), array([0.50974893, 0.54184071, 0.46514537]), array([0.51969171, 0.55184908, 0.4777868 ]), array([0.52991407, 0.56066874, 0.48809954]), array([0.5380589 , 0.56996713, 0.50047026]), array([0.54573715, 0.57706719, 0.5109976 ]), array([0.55371903, 0.58384445, 0.51952396])]
